[386, 145],
[388, 145],
[391, 145],
[396, 147],
[405, 150],
[413, 154],
[421, 156],
[431, 161],
[439, 166],
[448, 170],
[459, 176],
[470, 184],
[482, 193],
[492, 202],
[503, 212],
[513, 223],
[527, 235],
[537, 247],
[547, 258],
[558, 270],
[568, 281],
[576, 291],
[581, 301],
[585, 308],
[591, 316],
[593, 321],
[595, 324],
[596, 326],
[597, 327],
['scrolldown', 120, 0],
['scrolldown', 432, 0],
['scrolldown', 1128, 0],
['scrolldown', 3168, 0],
['scrolldown', 960, 0],
['scrolldown', 336, 0],
['scrolldown', 576, 0],
['scrolldown', 816, 0],
['scrolldown', 240, 0],
['scrolldown', 312, 0],
['scrolldown', 1440, 0],
['scrolldown', 864, 0],
['scrolldown', 408, 0],
['scrolldown', 816, 0],
['scrolldown', 360, 0],
['scrolldown', 720, 0],
['scrolldown', 360, 0],
['scrolldown', 360, 0],
['scrolldown', 336, 0],
['scrolldown', 336, 0],
['scrolldown', 336, 0],
['scrolldown', 288, 0],
['scrolldown', 336, 0],
['scrolldown', 288, 0],
['scrolldown', 288, 0],
['scrolldown', 456, 0],
['scrolldown', 816, 0],
['scrolldown', 672, 0],
['scrolldown', 240, 0],
['scrolldown', 528, 0],
['scrolldown', 408, 0],
['scrolldown', 456, 0],
['scrolldown', 456, 0],
['scrolldown', 408, 0],
['scrolldown', 408, 0],
['scrolldown', 360, 0],
['scrolldown', 360, 0],
['scrolldown', 744, 0],
['scrolldown', 360, 0],
['scrolldown', 336, 0],
['scrolldown', 360, 0],
['scrolldown', 336, 0],
['scrolldown', 288, 0],
['scrolldown', 336, 0],
['scrolldown', 288, 0],
['scrolldown', 288, 0],
['scrolldown', 288, 0],
['scrolldown', 288, 0],
['scrolldown', 240, 0],
['scrolldown', 288, 0],
['scrolldown', 240, 0],
['scrolldown', 240, 0],
['scrolldown', 456, 0],
['scrolldown', 216, 0],
['scrolldown', 456, 0],
['scrolldown', 216, 0],
['scrolldown', 192, 0],
[599, 327],
[602, 326],
[605, 322],
[610, 320],
[613, 317],
[618, 313],
[624, 309],
[629, 306],
[636, 302],
[644, 298],
[654, 293],
[662, 289],
[670, 286],
[679, 282],
[685, 280],
[691, 277],
[698, 275],
[704, 272],
[709, 270],
[713, 268],
[718, 265],
[721, 263],
[724, 262],
[727, 261],
[730, 260],
[733, 258],
[735, 257],
[737, 256],
[739, 255],
[740, 254],
[742, 254],
[742, 254],
[744, 253],
[745, 252],
[746, 250],
[747, 249],
[747, 248],
[749, 248],
[750, 246],
[751, 245],
[752, 244],
[754, 243],
[754, 242],
[756, 242],
[757, 241],
[759, 240],
[759, 240],
[760, 239],
[761, 239],
[762, 238],
[763, 237],
[763, 237, 'Button.left', 'pressed'],
[763, 237, 'Button.left', 'released'],
[763, 238],
[762, 241],
[759, 244],
[755, 251],
[751, 254],
[746, 259],
[743, 264],
[740, 268],
[737, 272],
[734, 274],
[732, 276],
[731, 278],
[730, 280],
[729, 280],
[728, 281],
[728, 282],
[728, 282],
[728, 283],
[727, 283],
['scrolldown', 144, 0],
['scrolldown', 192, 0],
['scrolldown', 528, 0],
['scrolldown', 144, 0],
['scrolldown', 456, 0],
['scrolldown', 192, 0],
['scrolldown', 192, 0],
['scrolldown', 192, 0],
['scrolldown', 192, 0],
['scrolldown', 384, 0],
['scrolldown', 336, 0],
['scrolldown', 288, 0],
['scrolldown', 144, 0],
['scrolldown', 288, 0],
['scrolldown', 120, 0],
['scrolldown', 144, 0],
['scrolldown', 264, 0],
['scrolldown', 288, 0],
['scrolldown', 192, 0],
['scrolldown', 432, 0],
['scrolldown', 144, 0],
['scrolldown', 144, 0],
['scrolldown', 192, 0],
['scrolldown', 144, 0],
['scrolldown', 192, 0],
['scrolldown', 144, 0],
['scrolldown', 144, 0],
['scrolldown', 144, 0],
['scrolldown', 144, 0],
['scrolldown', 120, 0],
['scrolldown', 144, 0],
['scrolldown', 144, 0],
['scrollup', 120, 0],
['scrollup', 144, 0],
['scrollup', 144, 0],
['scrollup', 120, 0],
[725, 283],
[718, 283],
[703, 279],
[681, 274],
[650, 264],
[608, 252],
[569, 239],
[547, 233],
[532, 229],
[516, 224],
[505, 223],
[495, 220],
[489, 219],
[486, 218],
[484, 217],
[483, 216],
[483, 216],
[482, 215],
[481, 214],
[480, 214],
[479, 214],
[479, 214],
[478, 212],
[477, 211],
[475, 209],
[473, 207],
[472, 205],
[470, 203],
[468, 201],
[466, 199],
[465, 196],
[463, 194],
[461, 192],
[460, 190],
[459, 188],
[458, 188],
[457, 186],
[456, 184],
[455, 182],
[454, 180],
[452, 178],
[451, 175],
[450, 172],
[448, 169],
[446, 166],
[445, 163],
[445, 161],
[445, 160],
[444, 159],
[444, 158],
[443, 158],
[443, 157],
[443, 156],
[442, 155],
[442, 155, 'Button.left', 'pressed'],
[442, 155, 'Button.left', 'released'],
[442, 155],
[444, 156],
[447, 157],
[450, 159],
[455, 162],
[459, 166],
[469, 170],
[479, 175],
[497, 181],
[516, 187],
[537, 196],
[562, 208],
[593, 218],
[618, 229],
[635, 237],
[650, 245],
[664, 253],
[675, 262],
[685, 269],
[693, 276],
[700, 280],
[705, 282],
[707, 285],
[709, 287],
[711, 289],
[712, 291],
[713, 293],
[713, 294],
[714, 295],
[715, 296],
[716, 297],
[716, 298],
[717, 299],
[717, 301],
[747, 298],
[745, 299],
[742, 300],
['scrolldown', 240, 0],
['scrolldown', 288, 0],
['scrolldown', 504, 0],
['scrolldown', 120, 0],
['scrolldown', 1224, 0],
['scrolldown', 696, 0],
['scrolldown', 216, 0],
['scrolldown', 216, 0],
['scrolldown', 216, 0],
['scrolldown', 192, 0],
['scrolldown', 216, 0],
['scrolldown', 192, 0],
['scrolldown', 192, 0],
['scrolldown', 192, 0],
['scrolldown', 432, 0],
['scrolldown', 240, 0],
['scrolldown', 648, 0],
['scrolldown', 336, 0],
['scrolldown', 216, 0],
['scrolldown', 216, 0],
['scrolldown', 216, 0],
['scrolldown', 216, 0],
['scrolldown', 216, 0],
['scrolldown', 192, 0],
['scrolldown', 216, 0],
['scrolldown', 192, 0],
['scrolldown', 384, 0],
['scrolldown', 192, 0],
['scrolldown', 336, 0],
['scrolldown', 144, 0],
['scrolldown', 192, 0],
['scrolldown', 1200, 0],
['scrolldown', 384, 0],
['scrolldown', 360, 0],
['scrolldown', 360, 0],
['scrolldown', 696, 0],
['scrolldown', 336, 0],
['scrolldown', 624, 0],
['scrolldown', 288, 0],
['scrolldown', 288, 0],
['scrolldown', 288, 0],
['scrolldown', 288, 0],
[740, 300],
[736, 302],
[728, 303],
[714, 306],
[691, 309],
[669, 313],
[644, 316],
[615, 322],
[586, 326],
[563, 333],
[546, 336],
[532, 339],
[524, 342],
[518, 344],
[513, 347],
[509, 348],
[506, 348],
[503, 349],
[501, 350],
[498, 351],
[495, 352],
[492, 353],
[489, 354],
[487, 355],
[482, 356],
[479, 357],
[475, 358],
[469, 360],
[464, 361],
[460, 363],
[456, 364],
[454, 364],
[452, 365],
[451, 365],
[451, 365],
[451, 365],
[450, 365],
[449, 365],
[449, 365, 'Button.left', 'pressed'],
[449, 365, 'Button.left', 'released'],
[449, 366],
[450, 366],
[451, 366],
[453, 366],
[457, 366],
[463, 366],
[469, 366],
[476, 366],
[488, 366],
[503, 366],
[516, 364],
[527, 363],
[538, 363],
[548, 363],
[557, 363],
[567, 363],
[577, 365],
[583, 367],
[587, 368],
[590, 370],
[594, 372],
[597, 373],
[599, 374],
[599, 376],
[601, 377],
[602, 377],
[603, 378],
['scrolldown', 120, 0],
['scrolldown', 696, 0],
['scrolldown', 216, 0],
['scrolldown', 768, 0],
['scrolldown', 1128, 0],
['scrolldown', 216, 0],
['scrolldown', 216, 0],
['scrolldown', 192, 0],
['scrolldown', 216, 0],
['scrolldown', 192, 0],
['scrolldown', 192, 0],
['scrolldown', 192, 0],
['scrolldown', 336, 0],
['scrolldown', 1200, 0],
['scrolldown', 192, 0],
['scrolldown', 576, 0],
['scrolldown', 1056, 0],
['scrolldown', 528, 0],
['scrolldown', 528, 0],
['scrolldown', 912, 0],
['scrolldown', 456, 0],
['scrolldown', 816, 0],
['scrolldown', 408, 0],
['scrolldown', 408, 0],
['scrolldown', 360, 0],
['scrolldown', 360, 0],
[603, 377],
[603, 374],
[603, 371],
[604, 367],
[604, 364],
[605, 360],
[606, 357],
[607, 354],
[608, 349],
[609, 343],
[611, 337],
[612, 333],
[614, 327],
[615, 322],
[616, 318],
[618, 314],
[620, 310],
[620, 306],
[621, 304],
[622, 302],
[622, 301],
[622, 300],
[622, 299],
[622, 298],
[623, 298],
[623, 297],
[623, 297],
[623, 296],
[623, 295],
[623, 294],
[623, 293],
[623, 293],
[623, 291],
[623, 288],
[623, 285],
[623, 283],
[623, 281],
[623, 280],
[623, 278],
[623, 276],
[623, 275],
[623, 274],
[623, 273],
[623, 271],
[623, 270],
[623, 269],
[623, 268],
[623, 268],
[623, 267],
[623, 266],
[623, 265],
[623, 264],
[623, 264],
[623, 263],
[623, 262],
[623, 261],
[623, 260],
[623, 259],
[624, 258],
[626, 255],
[629, 252],
[633, 247],
[638, 242],
[642, 238],
[646, 232],
[651, 227],
[658, 220],
[662, 215],
[667, 210],
[672, 206],
[676, 200],
[679, 196],
[681, 192],
[685, 189],
[687, 184],
[688, 180],
[690, 177],
[692, 172],
[694, 169],
[697, 166],
[698, 164],
[698, 162],
[699, 160],
[699, 159],
[699, 158],
[699, 158, 'Button.left', 'pressed'],
[699, 158, 'Button.left', 'released'],
[699, 161],
[697, 169],
[693, 179],
[686, 193],
[682, 206],
[674, 222],
[666, 238],
[657, 255],
[649, 271],
[643, 286],
[635, 300],
[629, 310],
[626, 320],
[622, 328],
[620, 336],
[617, 343],
[614, 351],
[612, 359],
[609, 367],
[607, 373],
[605, 378],
[604, 382],
[604, 384],
[603, 386],
[603, 386],
[603, 387],
[603, 388],
[603, 389],
[602, 390],
['scrolldown', 216, 0],
['scrolldown', 528, 0],
['scrolldown', 168, 0],
['scrolldown', 264, 0],
['scrolldown', 3216, 0],
['scrolldown', 216, 0],
['scrolldown', 840, 0],
['scrolldown', 288, 0],
['scrolldown', 336, 0],
['scrolldown', 336, 0],
['scrolldown', 336, 0],
['scrolldown', 672, 0],
['scrolldown', 336, 0],
['scrolldown', 288, 0],
['scrolldown', 288, 0],
['scrolldown', 528, 0],
['scrolldown', 288, 0],
['scrolldown', 480, 0],
['scrolldown', 240, 0],
['scrolldown', 240, 0],
['scrolldown', 240, 0],
['scrolldown', 216, 0],
['scrolldown', 240, 0],
['scrolldown', 864, 0],
['scrolldown', 456, 0],
['scrolldown', 312, 0],
['scrolldown', 456, 0],
['scrolldown', 912, 0],
['scrolldown', 408, 0],
['scrolldown', 456, 0],
['scrolldown', 408, 0],
['scrolldown', 360, 0],
['scrolldown', 408, 0],
['scrolldown', 720, 0],
['scrolldown', 360, 0],
['scrolldown', 696, 0],
['scrolldown', 336, 0],
['scrolldown', 336, 0],
['scrolldown', 216, 0],
['scrolldown', 288, 0],
['scrolldown', 360, 0],
['scrolldown', 120, 0],
['scrolldown', 144, 0],
['scrolldown', 240, 0],
['scrolldown', 120, 0],
['scrolldown', 120, 0],
['scrolldown', 120, 0],
['scrolldown', 264, 0],
['scrolldown', 168, 0],
['scrolldown', 192, 0],
['scrolldown', 120, 0],
['scrolldown', 216, 0],
['scrolldown', 216, 0],
['scrolldown', 192, 0],
['scrolldown', 192, 0],
['scrolldown', 192, 0],
[602, 389],
[602, 386],
[603, 383],
[606, 378],
[612, 368],
[620, 356],
[627, 347],
[632, 339],
[638, 332],
[645, 325],
[650, 319],
[655, 314],
[657, 312],
[659, 308],
[661, 306],
[662, 305],
[663, 304],
[664, 303],
[665, 303],
[665, 302],
[666, 301],
[667, 301],
[668, 301],
[669, 301],
[669, 301],
[670, 301],
[672, 301],
[674, 303],
[677, 305],
[680, 309],
[683, 312],
[689, 317],
[692, 320],
[695, 323],
[698, 327],
[700, 329],
[703, 332],
[705, 333],
[706, 335],
[708, 337],
[710, 338],
[712, 340],
[713, 342],
[714, 342],
[715, 344],
[717, 345],
[718, 347],
[720, 350],
[722, 353],
[723, 356],
[725, 361],
[726, 363],
[728, 365],
[729, 368],
[730, 370],
[731, 372],
[732, 372],
[732, 373],
[733, 374],
[733, 375],
[734, 376],
[735, 377],
[736, 379],
[737, 381],
[738, 382],
[739, 384],
[740, 384],
[740, 385],
[740, 386],
[741, 387],
[742, 388],
[742, 388],
[743, 388],
[743, 389],
[743, 389],
[743, 390],
[744, 391],
[745, 392],
[745, 392],
[746, 392],
[746, 393],
[747, 393],
[747, 394],
[747, 394],
[747, 395],
[748, 395],
[748, 396],
[749, 396],
[749, 396],
[749, 397],
[749, 397],
[749, 394],
[749, 388],
[749, 380],
[749, 376],
[749, 372],
[748, 369],
[748, 366],
[747, 364],
[747, 361],
[747, 358],
[746, 354],
[745, 349],
[745, 342],
[743, 334],
[742, 330],
[742, 327],
[741, 325],
[741, 322],
[740, 321],
[740, 319],
[740, 318],
[740, 318],
[740, 317],
[740, 316],
[740, 315],
[739, 314],
[738, 312],
[737, 310],
[735, 307],
[734, 304],
[733, 302],
[731, 298],
[730, 297],
[729, 295],
[728, 292],
[727, 289],
[725, 284],
[722, 278],
[719, 270],
[717, 265],
[716, 261],
[715, 259],
[714, 257],
[713, 256],
[713, 255],
[713, 254],
[713, 254],
[713, 253],
[713, 252],
[713, 251],
[713, 251],
[713, 251],
[712, 251],
[712, 250],
[712, 249],
[711, 249],
[711, 248],
[710, 248],
[710, 248, 'Button.left', 'pressed'],
[710, 248, 'Button.left', 'released'],
['Key.esc'],
